[Parametereler]
BASLANGIC_HIZI=20
GERILME=22.44099998474121
GERILME_HIZI=13.89
KIRILMA_ALT_LIMITI=10
KIRILMA_YUZDESI=10
KULANICI=
MAKSIMUM_YUK=300
SIFIR_BASKILAMA=0
YUK=3.2300000190734863
YUKLEME_HIZI=2
